1, 1, 1, "Y", 1
2, 1, 2, "Y", 1
3, 1, 3, "N", 1
4, 1, 4, "N", 1
5, 1, 5, "Y", 1
6, 1, 6, "Y", 1
7, 1, 7, "N", 1
8, 1, 8, "N", 1
9, 1, 9, "N", 1
10, 1, 10, "Y", 1
11, 1, 11, "N", 1
12, 1, 12, "N", 1
13, 1, 13, "Y", 1
14, 1, 14, "N", 1
15, 1, 15, "N", 1
16, 1, 16, "N", 1
17, 1, 17, "Y", 1
18, 1, 18, "N", 1
19, 1, 19, "N", 1
20, 1, 20, "Y", 1
21, 1, 21, "N", 1
22, 1, 22, "Y", 1
23, 1, 23, "N", 1
24, 1, 24, "Y", 1
25, 2, 1, "Y", 1
26, 2, 2, "N", 1
27, 2, 3, "Y", 1
28, 2, 4, "N", 1
29, 2, 5, "N", 1
30, 2, 6, "N", 1
31, 2, 7, "Y", 1
32, 2, 8, "Y", 1
33, 2, 9, "Y", 1
34, 2, 10, "Y", 1
35, 2, 11, "N", 1
36, 2, 12, "Y", 1
37, 2, 13, "N", 1
38, 2, 14, "Y", 1
39, 2, 15, "N", 1
40, 2, 16, "N", 1
41, 2, 17, "Y", 1
42, 2, 18, "N", 1
43, 2, 19, "N", 1
44, 2, 20, "N", 1
45, 2, 21, "N", 1
46, 2, 22, "N", 1
47, 2, 23, "Y", 1
48, 2, 24, "Y", 1
49, 3, 1, "Y", 1
50, 3, 2, "Y", 1
51, 3, 3, "Y", 1
52, 3, 4, "N", 1
53, 3, 5, "N", 1
54, 3, 6, "N", 1
55, 3, 7, "N", 1
56, 3, 8, "N", 1
57, 3, 9, "N", 1
58, 3, 10, "Y", 1
59, 3, 11, "N", 1
60, 3, 12, "Y", 1
61, 3, 13, "N", 1
62, 3, 14, "N", 1
63, 3, 15, "Y", 1
64, 3, 16, "Y", 1
65, 3, 17, "Y", 1
66, 3, 18, "Y", 1
67, 3, 19, "N", 1
68, 3, 20, "Y", 1
69, 3, 21, "Y", 1
70, 3, 22, "Y", 1
71, 3, 23, "Y", 1
72, 3, 24, "N", 1
73, 4, 1, "Y", 1
74, 4, 2, "Y", 1
75, 4, 3, "N", 1
76, 4, 4, "Y", 1
77, 4, 5, "N", 1
78, 4, 6, "Y", 1
79, 4, 7, "Y", 1
80, 4, 8, "Y", 1
81, 4, 9, "N", 1
82, 4, 10, "Y", 1
83, 4, 11, "N", 1
84, 4, 12, "N", 1
85, 4, 13, "Y", 1
86, 4, 14, "N", 1
87, 4, 15, "N", 1
88, 4, 16, "N", 1
89, 4, 17, "N", 1
90, 4, 18, "N", 1
91, 4, 19, "Y", 1
92, 4, 20, "Y", 1
93, 4, 21, "N", 1
94, 4, 22, "Y", 1
95, 4, 23, "N", 1
96, 4, 24, "Y", 1
97, 5, 1, "Y", 1
98, 5, 2, "N", 1
99, 5, 3, "Y", 1
100, 5, 4, "Y", 1
101, 5, 5, "Y", 1
102, 5, 6, "N", 1
103, 5, 7, "N", 1
104, 5, 8, "N", 1
105, 5, 9, "Y", 1
106, 5, 10, "Y", 1
107, 5, 11, "Y", 1
108, 5, 12, "N", 1
109, 5, 13, "Y", 1
110, 5, 14, "N", 1
111, 5, 15, "Y", 1
112, 5, 16, "Y", 1
113, 5, 17, "Y", 1
114, 5, 18, "Y", 1
115, 5, 19, "N", 1
116, 5, 20, "N", 1
117, 5, 21, "Y", 1
118, 5, 22, "Y", 1
119, 5, 23, "Y", 1
120, 5, 24, "Y", 1
121, 6, 1, "Y", 1
122, 6, 2, "N", 1
123, 6, 3, "Y", 1
124, 6, 4, "N", 1
125, 6, 5, "Y", 1
126, 6, 6, "Y", 1
127, 6, 7, "Y", 1
128, 6, 8, "N", 1
129, 6, 9, "Y", 1
130, 6, 10, "Y", 1
131, 6, 11, "Y", 1
132, 6, 12, "Y", 1
133, 6, 13, "N", 1
134, 6, 14, "N", 1
135, 6, 15, "Y", 1
136, 6, 16, "Y", 1
137, 6, 17, "N", 1
138, 6, 18, "Y", 1
139, 6, 19, "Y", 1
140, 6, 20, "Y", 1
141, 6, 21, "Y", 1
142, 6, 22, "N", 1
143, 6, 23, "Y", 1
144, 6, 24, "Y", 1
145, 7, 1, "N", 1
146, 7, 2, "N", 1
147, 7, 3, "N", 1
148, 7, 4, "N", 1
149, 7, 5, "N", 1
150, 7, 6, "Y", 1
151, 7, 7, "N", 1
152, 7, 8, "N", 1
153, 7, 9, "N", 1
154, 7, 10, "N", 1
155, 7, 11, "Y", 1
156, 7, 12, "N", 1
157, 7, 13, "Y", 1
158, 7, 14, "Y", 1
159, 7, 15, "N", 1
160, 7, 16, "N", 1
161, 7, 17, "Y", 1
162, 7, 18, "N", 1
163, 7, 19, "N", 1
164, 7, 20, "N", 1
165, 7, 21, "Y", 1
166, 7, 22, "Y", 1
167, 7, 23, "Y", 1
168, 7, 24, "Y", 1
169, 8, 1, "N", 1
170, 8, 2, "N", 1
171, 8, 3, "Y", 1
172, 8, 4, "N", 1
173, 8, 5, "Y", 1
174, 8, 6, "N", 1
175, 8, 7, "Y", 1
176, 8, 8, "Y", 1
177, 8, 9, "Y", 1
178, 8, 10, "N", 1
179, 8, 11, "N", 1
180, 8, 12, "N", 1
181, 8, 13, "Y", 1
182, 8, 14, "Y", 1
183, 8, 15, "Y", 1
184, 8, 16, "N", 1
185, 8, 17, "N", 1
186, 8, 18, "N", 1
187, 8, 19, "Y", 1
188, 8, 20, "N", 1
189, 8, 21, "N", 1
190, 8, 22, "N", 1
191, 8, 23, "N", 1
192, 8, 24, "Y", 1
193, 9, 1, "Y", 1
194, 9, 2, "Y", 1
195, 9, 3, "N", 1
196, 9, 4, "N", 1
197, 9, 5, "Y", 1
198, 9, 6, "Y", 1
199, 9, 7, "Y", 1
200, 9, 8, "Y", 1
201, 9, 9, "Y", 1
202, 9, 10, "Y", 1
203, 9, 11, "N", 1
204, 9, 12, "Y", 1
205, 9, 13, "N", 1
206, 9, 14, "N", 1
207, 9, 15, "Y", 1
208, 9, 16, "Y", 1
209, 9, 17, "Y", 1
210, 9, 18, "Y", 1
211, 9, 19, "N", 1
212, 9, 20, "N", 1
213, 9, 21, "N", 1
214, 9, 22, "N", 1
215, 9, 23, "N", 1
216, 9, 24, "N", 1
217, 10, 1, "Y", 1
218, 10, 2, "N", 1
219, 10, 3, "N", 1
220, 10, 4, "Y", 1
221, 10, 5, "N", 1
222, 10, 6, "N", 1
223, 10, 7, "N", 1
224, 10, 8, "Y", 1
225, 10, 9, "N", 1
226, 10, 10, "Y", 1
227, 10, 11, "Y", 1
228, 10, 12, "Y", 1
229, 10, 13, "N", 1
230, 10, 14, "N", 1
231, 10, 15, "Y", 1
232, 10, 16, "Y", 1
233, 10, 17, "Y", 1
234, 10, 18, "Y", 1
235, 10, 19, "N", 1
236, 10, 20, "Y", 1
237, 10, 21, "N", 1
238, 10, 22, "N", 1
239, 10, 23, "Y", 1
240, 10, 24, "N", 1
241, 11, 1, "Y", 1
242, 11, 2, "N", 1
243, 11, 3, "Y", 1
244, 11, 4, "N", 1
245, 11, 5, "N", 1
246, 11, 6, "Y", 1
247, 11, 7, "N", 1
248, 11, 8, "N", 1
249, 11, 9, "N", 1
250, 11, 10, "Y", 1
251, 11, 11, "Y", 1
252, 11, 12, "Y", 1
253, 11, 13, "Y", 1
254, 11, 14, "Y", 1
255, 11, 15, "Y", 1
256, 11, 16, "Y", 1
257, 11, 17, "N", 1
258, 11, 18, "Y", 1
259, 11, 19, "N", 1
260, 11, 20, "Y", 1
261, 11, 21, "N", 1
262, 11, 22, "Y", 1
263, 11, 23, "Y", 1
264, 11, 24, "Y", 1
265, 12, 1, "Y", 1
266, 12, 2, "N", 1
267, 12, 3, "Y", 1
268, 12, 4, "N", 1
269, 12, 5, "Y", 1
270, 12, 6, "Y", 1
271, 12, 7, "N", 1
272, 12, 8, "Y", 1
273, 12, 9, "N", 1
274, 12, 10, "Y", 1
275, 12, 11, "N", 1
276, 12, 12, "Y", 1
277, 12, 13, "Y", 1
278, 12, 14, "Y", 1
279, 12, 15, "N", 1
280, 12, 16, "N", 1
281, 12, 17, "Y", 1
282, 12, 18, "N", 1
283, 12, 19, "N", 1
284, 12, 20, "Y", 1
285, 12, 21, "Y", 1
286, 12, 22, "N", 1
287, 12, 23, "N", 1
288, 12, 24, "N", 1
289, 13, 1, "Y", 1
290, 13, 2, "N", 1
291, 13, 3, "N", 1
292, 13, 4, "N", 1
293, 13, 5, "N", 1
294, 13, 6, "Y", 1
295, 13, 7, "N", 1
296, 13, 8, "Y", 1
297, 13, 9, "Y", 1
298, 13, 10, "N", 1
299, 13, 11, "Y", 1
300, 13, 12, "N", 1
301, 13, 13, "N", 1
302, 13, 14, "Y", 1
303, 13, 15, "N", 1
304, 13, 16, "Y", 1
305, 13, 17, "N", 1
306, 13, 18, "Y", 1
307, 13, 19, "Y", 1
308, 13, 20, "Y", 1
309, 13, 21, "N", 1
310, 13, 22, "N", 1
311, 13, 23, "Y", 1
312, 13, 24, "N", 1
313, 14, 1, "N", 1
314, 14, 2, "Y", 1
315, 14, 3, "N", 1
316, 14, 4, "Y", 1
317, 14, 5, "N", 1
318, 14, 6, "N", 1
319, 14, 7, "Y", 1
320, 14, 8, "N", 1
321, 14, 9, "N", 1
322, 14, 10, "N", 1
323, 14, 11, "Y", 1
324, 14, 12, "Y", 1
325, 14, 13, "Y", 1
326, 14, 14, "N", 1
327, 14, 15, "Y", 1
328, 14, 16, "Y", 1
329, 14, 17, "Y", 1
330, 14, 18, "Y", 1
331, 14, 19, "Y", 1
332, 14, 20, "N", 1
333, 14, 21, "N", 1
334, 14, 22, "N", 1
335, 14, 23, "N", 1
336, 14, 24, "Y", 1
337, 1, 1, "Y", 2
338, 1, 2, "Y", 2
339, 1, 3, "Y", 2
340, 1, 4, "N", 2
341, 1, 5, "Y", 2
342, 1, 6, "N", 2
343, 1, 7, "N", 2
344, 1, 8, "N", 2
345, 1, 9, "Y", 2
346, 1, 10, "Y", 2
347, 1, 11, "Y", 2
348, 1, 12, "N", 2
349, 1, 13, "Y", 2
350, 1, 14, "Y", 2
351, 1, 15, "N", 2
352, 1, 16, "N", 2
353, 1, 17, "N", 2
354, 1, 18, "Y", 2
355, 1, 19, "N", 2
356, 2, 1, "Y", 2
357, 2, 2, "Y", 2
358, 2, 3, "Y", 2
359, 2, 4, "Y", 2
360, 2, 5, "Y", 2
361, 2, 6, "N", 2
362, 2, 7, "N", 2
363, 2, 8, "N", 2
364, 2, 9, "Y", 2
365, 2, 10, "N", 2
366, 2, 11, "Y", 2
367, 2, 12, "N", 2
368, 2, 13, "Y", 2
369, 2, 14, "N", 2
370, 2, 15, "N", 2
371, 2, 16, "Y", 2
372, 2, 17, "Y", 2
373, 2, 18, "N", 2
374, 2, 19, "N", 2
375, 3, 1, "N", 2
376, 3, 2, "Y", 2
377, 3, 3, "Y", 2
378, 3, 4, "Y", 2
379, 3, 5, "Y", 2
380, 3, 6, "Y", 2
381, 3, 7, "N", 2
382, 3, 8, "N", 2
383, 3, 9, "Y", 2
384, 3, 10, "Y", 2
385, 3, 11, "Y", 2
386, 3, 12, "N", 2
387, 3, 13, "N", 2
388, 3, 14, "N", 2
389, 3, 15, "N", 2
390, 3, 16, "Y", 2
391, 3, 17, "Y", 2
392, 3, 18, "Y", 2
393, 3, 19, "Y", 2
394, 4, 1, "Y", 2
395, 4, 2, "N", 2
396, 4, 3, "Y", 2
397, 4, 4, "N", 2
398, 4, 5, "N", 2
399, 4, 6, "N", 2
400, 4, 7, "N", 2
401, 4, 8, "Y", 2
402, 4, 9, "Y", 2
403, 4, 10, "N", 2
404, 4, 11, "N", 2
405, 4, 12, "Y", 2
406, 4, 13, "N", 2
407, 4, 14, "Y", 2
408, 4, 15, "N", 2
409, 4, 16, "Y", 2
410, 4, 17, "N", 2
411, 4, 18, "Y", 2
412, 4, 19, "N", 2
413, 5, 1, "Y", 2
414, 5, 2, "Y", 2
415, 5, 3, "Y", 2
416, 5, 4, "Y", 2
417, 5, 5, "N", 2
418, 5, 6, "N", 2
419, 5, 7, "Y", 2
420, 5, 8, "Y", 2
421, 5, 9, "N", 2
422, 5, 10, "Y", 2
423, 5, 11, "N", 2
424, 5, 12, "Y", 2
425, 5, 13, "N", 2
426, 5, 14, "Y", 2
427, 5, 15, "N", 2
428, 5, 16, "N", 2
429, 5, 17, "N", 2
430, 5, 18, "Y", 2
431, 5, 19, "N", 2
432, 6, 1, "Y", 2
433, 6, 2, "N", 2
434, 6, 3, "N", 2
435, 6, 4, "Y", 2
436, 6, 5, "Y", 2
437, 6, 6, "Y", 2
438, 6, 7, "Y", 2
439, 6, 8, "Y", 2
440, 6, 9, "Y", 2
441, 6, 10, "N", 2
442, 6, 11, "N", 2
443, 6, 12, "N", 2
444, 6, 13, "Y", 2
445, 6, 14, "Y", 2
446, 6, 15, "N", 2
447, 6, 16, "Y", 2
448, 6, 17, "N", 2
449, 6, 18, "N", 2
450, 6, 19, "Y", 2
451, 7, 1, "N", 2
452, 7, 2, "Y", 2
453, 7, 3, "N", 2
454, 7, 4, "Y", 2
455, 7, 5, "N", 2
456, 7, 6, "N", 2
457, 7, 7, "Y", 2
458, 7, 8, "N", 2
459, 7, 9, "Y", 2
460, 7, 10, "N", 2
461, 7, 11, "N", 2
462, 7, 12, "N", 2
463, 7, 13, "Y", 2
464, 7, 14, "N", 2
465, 7, 15, "Y", 2
466, 7, 16, "N", 2
467, 7, 17, "N", 2
468, 7, 18, "N", 2
469, 7, 19, "N", 2
470, 8, 1, "Y", 2
471, 8, 2, "N", 2
472, 8, 3, "N", 2
473, 8, 4, "N", 2
474, 8, 5, "Y", 2
475, 8, 6, "Y", 2
476, 8, 7, "Y", 2
477, 8, 8, "Y", 2
478, 8, 9, "Y", 2
479, 8, 10, "Y", 2
480, 8, 11, "N", 2
481, 8, 12, "N", 2
482, 8, 13, "Y", 2
483, 8, 14, "N", 2
484, 8, 15, "Y", 2
485, 8, 16, "Y", 2
486, 8, 17, "Y", 2
487, 8, 18, "N", 2
488, 8, 19, "N", 2
489, 9, 1, "N", 2
490, 9, 2, "N", 2
491, 9, 3, "N", 2
492, 9, 4, "N", 2
493, 9, 5, "Y", 2
494, 9, 6, "Y", 2
495, 9, 7, "N", 2
496, 9, 8, "Y", 2
497, 9, 9, "Y", 2
498, 9, 10, "Y", 2
499, 9, 11, "N", 2
500, 9, 12, "Y", 2
501, 9, 13, "N", 2
502, 9, 14, "Y", 2
503, 9, 15, "N", 2
504, 9, 16, "Y", 2
505, 9, 17, "Y", 2
506, 9, 18, "N", 2
507, 9, 19, "Y", 2
508, 10, 1, "N", 2
509, 10, 2, "N", 2
510, 10, 3, "Y", 2
511, 10, 4, "N", 2
512, 10, 5, "Y", 2
513, 10, 6, "Y", 2
514, 10, 7, "Y", 2
515, 10, 8, "Y", 2
516, 10, 9, "Y", 2
517, 10, 10, "Y", 2
518, 10, 11, "Y", 2
519, 10, 12, "Y", 2
520, 10, 13, "Y", 2
521, 10, 14, "N", 2
522, 10, 15, "N", 2
523, 10, 16, "Y", 2
524, 10, 17, "N", 2
525, 10, 18, "Y", 2
526, 10, 19, "Y", 2
527, 11, 1, "Y", 2
528, 11, 2, "N", 2
529, 11, 3, "N", 2
530, 11, 4, "N", 2
531, 11, 5, "N", 2
532, 11, 6, "Y", 2
533, 11, 7, "Y", 2
534, 11, 8, "Y", 2
535, 11, 9, "Y", 2
536, 11, 10, "Y", 2
537, 11, 11, "Y", 2
538, 11, 12, "Y", 2
539, 11, 13, "N", 2
540, 11, 14, "N", 2
541, 11, 15, "Y", 2
542, 11, 16, "Y", 2
543, 11, 17, "Y", 2
544, 11, 18, "N", 2
545, 11, 19, "Y", 2
546, 12, 1, "Y", 2
547, 12, 2, "N", 2
548, 12, 3, "Y", 2
549, 12, 4, "Y", 2
550, 12, 5, "N", 2
551, 12, 6, "N", 2
552, 12, 7, "Y", 2
553, 12, 8, "N", 2
554, 12, 9, "N", 2
555, 12, 10, "N", 2
556, 12, 11, "Y", 2
557, 12, 12, "Y", 2
558, 12, 13, "N", 2
559, 12, 14, "N", 2
560, 12, 15, "N", 2
561, 12, 16, "N", 2
562, 12, 17, "N", 2
563, 12, 18, "N", 2
564, 12, 19, "N", 2
565, 1, 1, "Y", 3
566, 1, 2, "Y", 3
567, 1, 3, "Y", 3
568, 1, 4, "Y", 3
569, 1, 5, "Y", 3
570, 1, 6, "Y", 3
571, 1, 7, "N", 3
572, 1, 8, "N", 3
573, 1, 9, "N", 3
574, 1, 10, "N", 3
575, 1, 11, "N", 3
576, 1, 12, "Y", 3
577, 1, 13, "Y", 3
578, 1, 14, "N", 3
579, 1, 15, "Y", 3
580, 1, 16, "Y", 3
581, 1, 17, "Y", 3
582, 1, 18, "Y", 3
583, 1, 19, "N", 3
584, 1, 20, "Y", 3
585, 1, 21, "N", 3
586, 1, 22, "Y", 3
587, 1, 23, "N", 3
588, 1, 24, "Y", 3
589, 1, 25, "Y", 3
590, 1, 26, "Y", 3
591, 1, 27, "N", 3
592, 1, 28, "N", 3
593, 1, 29, "N", 3
594, 2, 1, "Y", 3
595, 2, 2, "N", 3
596, 2, 3, "Y", 3
597, 2, 4, "N", 3
598, 2, 5, "Y", 3
599, 2, 6, "Y", 3
600, 2, 7, "Y", 3
601, 2, 8, "N", 3
602, 2, 9, "N", 3
603, 2, 10, "N", 3
604, 2, 11, "Y", 3
605, 2, 12, "Y", 3
606, 2, 13, "Y", 3
607, 2, 14, "N", 3
608, 2, 15, "N", 3
609, 2, 16, "N", 3
610, 2, 17, "Y", 3
611, 2, 18, "N", 3
612, 2, 19, "N", 3
613, 2, 20, "N", 3
614, 2, 21, "N", 3
615, 2, 22, "N", 3
616, 2, 23, "N", 3
617, 2, 24, "N", 3
618, 2, 25, "N", 3
619, 2, 26, "Y", 3
620, 2, 27, "Y", 3
621, 2, 28, "N", 3
622, 2, 29, "N", 3
623, 3, 1, "N", 3
624, 3, 2, "Y", 3
625, 3, 3, "N", 3
626, 3, 4, "Y", 3
627, 3, 5, "Y", 3
628, 3, 6, "Y", 3
629, 3, 7, "Y", 3
630, 3, 8, "Y", 3
631, 3, 9, "N", 3
632, 3, 10, "N", 3
633, 3, 11, "Y", 3
634, 3, 12, "Y", 3
635, 3, 13, "N", 3
636, 3, 14, "N", 3
637, 3, 15, "Y", 3
638, 3, 16, "N", 3
639, 3, 17, "Y", 3
640, 3, 18, "N", 3
641, 3, 19, "Y", 3
642, 3, 20, "N", 3
643, 3, 21, "Y", 3
644, 3, 22, "Y", 3
645, 3, 23, "Y", 3
646, 3, 24, "Y", 3
647, 3, 25, "N", 3
648, 3, 26, "N", 3
649, 3, 27, "Y", 3
650, 3, 28, "Y", 3
651, 3, 29, "Y", 3
652, 4, 1, "N", 3
653, 4, 2, "Y", 3
654, 4, 3, "Y", 3
655, 4, 4, "N", 3
656, 4, 5, "N", 3
657, 4, 6, "N", 3
658, 4, 7, "N", 3
659, 4, 8, "N", 3
660, 4, 9, "N", 3
661, 4, 10, "Y", 3
662, 4, 11, "N", 3
663, 4, 12, "N", 3
664, 4, 13, "Y", 3
665, 4, 14, "N", 3
666, 4, 15, "Y", 3
667, 4, 16, "Y", 3
668, 4, 17, "N", 3
669, 4, 18, "N", 3
670, 4, 19, "N", 3
671, 4, 20, "N", 3
672, 4, 21, "N", 3
673, 4, 22, "Y", 3
674, 4, 23, "N", 3
675, 4, 24, "N", 3
676, 4, 25, "Y", 3
677, 4, 26, "N", 3
678, 4, 27, "Y", 3
679, 4, 28, "Y", 3
680, 4, 29, "N", 3
681, 5, 1, "Y", 3
682, 5, 2, "N", 3
683, 5, 3, "Y", 3
684, 5, 4, "N", 3
685, 5, 5, "Y", 3
686, 5, 6, "Y", 3
687, 5, 7, "Y", 3
688, 5, 8, "N", 3
689, 5, 9, "N", 3
690, 5, 10, "N", 3
691, 5, 11, "N", 3
692, 5, 12, "N", 3
693, 5, 13, "Y", 3
694, 5, 14, "Y", 3
695, 5, 15, "Y", 3
696, 5, 16, "N", 3
697, 5, 17, "Y", 3
698, 5, 18, "Y", 3
699, 5, 19, "Y", 3
700, 5, 20, "N", 3
701, 5, 21, "Y", 3
702, 5, 22, "N", 3
703, 5, 23, "N", 3
704, 5, 24, "N", 3
705, 5, 25, "Y", 3
706, 5, 26, "Y", 3
707, 5, 27, "N", 3
708, 5, 28, "N", 3
709, 5, 29, "N", 3
710, 6, 1, "N", 3
711, 6, 2, "N", 3
712, 6, 3, "Y", 3
713, 6, 4, "N", 3
714, 6, 5, "Y", 3
715, 6, 6, "N", 3
716, 6, 7, "N", 3
717, 6, 8, "Y", 3
718, 6, 9, "N", 3
719, 6, 10, "N", 3
720, 6, 11, "N", 3
721, 6, 12, "Y", 3
722, 6, 13, "N", 3
723, 6, 14, "Y", 3
724, 6, 15, "N", 3
725, 6, 16, "Y", 3
726, 6, 17, "Y", 3
727, 6, 18, "Y", 3
728, 6, 19, "N", 3
729, 6, 20, "Y", 3
730, 6, 21, "Y", 3
731, 6, 22, "N", 3
732, 6, 23, "Y", 3
733, 6, 24, "Y", 3
734, 6, 25, "Y", 3
735, 6, 26, "Y", 3
736, 6, 27, "N", 3
737, 6, 28, "Y", 3
738, 6, 29, "Y", 3
739, 7, 1, "Y", 3
740, 7, 2, "Y", 3
741, 7, 3, "Y", 3
742, 7, 4, "N", 3
743, 7, 5, "Y", 3
744, 7, 6, "N", 3
745, 7, 7, "N", 3
746, 7, 8, "N", 3
747, 7, 9, "Y", 3
748, 7, 10, "N", 3
749, 7, 11, "N", 3
750, 7, 12, "Y", 3
751, 7, 13, "N", 3
752, 7, 14, "N", 3
753, 7, 15, "N", 3
754, 7, 16, "N", 3
755, 7, 17, "Y", 3
756, 7, 18, "Y", 3
757, 7, 19, "N", 3
758, 7, 20, "Y", 3
759, 7, 21, "Y", 3
760, 7, 22, "Y", 3
761, 7, 23, "N", 3
762, 7, 24, "N", 3
763, 7, 25, "N", 3
764, 7, 26, "Y", 3
765, 7, 27, "Y", 3
766, 7, 28, "N", 3
767, 7, 29, "Y", 3
768, 8, 1, "N", 3
769, 8, 2, "N", 3
770, 8, 3, "Y", 3
771, 8, 4, "Y", 3
772, 8, 5, "Y", 3
773, 8, 6, "Y", 3
774, 8, 7, "Y", 3
775, 8, 8, "N", 3
776, 8, 9, "Y", 3
777, 8, 10, "N", 3
778, 8, 11, "N", 3
779, 8, 12, "Y", 3
780, 8, 13, "N", 3
781, 8, 14, "N", 3
782, 8, 15, "Y", 3
783, 8, 16, "Y", 3
784, 8, 17, "Y", 3
785, 8, 18, "Y", 3
786, 8, 19, "Y", 3
787, 8, 20, "Y", 3
788, 8, 21, "Y", 3
789, 8, 22, "Y", 3
790, 8, 23, "N", 3
791, 8, 24, "Y", 3
792, 8, 25, "N", 3
793, 8, 26, "Y", 3
794, 8, 27, "Y", 3
795, 8, 28, "Y", 3
796, 8, 29, "Y", 3
797, 9, 1, "N", 3
798, 9, 2, "Y", 3
799, 9, 3, "N", 3
800, 9, 4, "N", 3
801, 9, 5, "N", 3
802, 9, 6, "N", 3
803, 9, 7, "Y", 3
804, 9, 8, "Y", 3
805, 9, 9, "Y", 3
806, 9, 10, "Y", 3
807, 9, 11, "Y", 3
808, 9, 12, "N", 3
809, 9, 13, "N", 3
810, 9, 14, "N", 3
811, 9, 15, "N", 3
812, 9, 16, "N", 3
813, 9, 17, "Y", 3
814, 9, 18, "Y", 3
815, 9, 19, "Y", 3
816, 9, 20, "Y", 3
817, 9, 21, "Y", 3
818, 9, 22, "Y", 3
819, 9, 23, "Y", 3
820, 9, 24, "Y", 3
821, 9, 25, "Y", 3
822, 9, 26, "Y", 3
823, 9, 27, "N", 3
824, 9, 28, "N", 3
825, 9, 29, "Y", 3
826, 10, 1, "N", 3
827, 10, 2, "N", 3
828, 10, 3, "Y", 3
829, 10, 4, "N", 3
830, 10, 5, "Y", 3
831, 10, 6, "N", 3
832, 10, 7, "N", 3
833, 10, 8, "N", 3
834, 10, 9, "Y", 3
835, 10, 10, "N", 3
836, 10, 11, "Y", 3
837, 10, 12, "Y", 3
838, 10, 13, "N", 3
839, 10, 14, "Y", 3
840, 10, 15, "Y", 3
841, 10, 16, "Y", 3
842, 10, 17, "N", 3
843, 10, 18, "N", 3
844, 10, 19, "Y", 3
845, 10, 20, "Y", 3
846, 10, 21, "N", 3
847, 10, 22, "Y", 3
848, 10, 23, "N", 3
849, 10, 24, "Y", 3
850, 10, 25, "N", 3
851, 10, 26, "N", 3
852, 10, 27, "Y", 3
853, 10, 28, "N", 3
854, 10, 29, "N", 3
855, 11, 1, "Y", 3
856, 11, 2, "N", 3
857, 11, 3, "N", 3
858, 11, 4, "Y", 3
859, 11, 5, "Y", 3
860, 11, 6, "N", 3
861, 11, 7, "Y", 3
862, 11, 8, "Y", 3
863, 11, 9, "Y", 3
864, 11, 10, "Y", 3
865, 11, 11, "Y", 3
866, 11, 12, "Y", 3
867, 11, 13, "N", 3
868, 11, 14, "Y", 3
869, 11, 15, "N", 3
870, 11, 16, "Y", 3
871, 11, 17, "Y", 3
872, 11, 18, "Y", 3
873, 11, 19, "Y", 3
874, 11, 20, "Y", 3
875, 11, 21, "N", 3
876, 11, 22, "N", 3
877, 11, 23, "Y", 3
878, 11, 24, "Y", 3
879, 11, 25, "N", 3
880, 11, 26, "N", 3
881, 11, 27, "Y", 3
882, 11, 28, "N", 3
883, 11, 29, "Y", 3
884, 12, 1, "Y", 3
885, 12, 2, "Y", 3
886, 12, 3, "Y", 3
887, 12, 4, "Y", 3
888, 12, 5, "Y", 3
889, 12, 6, "Y", 3
890, 12, 7, "N", 3
891, 12, 8, "N", 3
892, 12, 9, "N", 3
893, 12, 10, "N", 3
894, 12, 11, "Y", 3
895, 12, 12, "N", 3
896, 12, 13, "N", 3
897, 12, 14, "Y", 3
898, 12, 15, "N", 3
899, 12, 16, "Y", 3
900, 12, 17, "N", 3
901, 12, 18, "N", 3
902, 12, 19, "Y", 3
903, 12, 20, "N", 3
904, 12, 21, "N", 3
905, 12, 22, "Y", 3
906, 12, 23, "Y", 3
907, 12, 24, "Y", 3
908, 12, 25, "Y", 3
909, 12, 26, "N", 3
910, 12, 27, "Y", 3
911, 12, 28, "Y", 3
912, 12, 29, "Y", 3
913, 13, 1, "N", 3
914, 13, 2, "N", 3
915, 13, 3, "Y", 3
916, 13, 4, "Y", 3
917, 13, 5, "Y", 3
918, 13, 6, "N", 3
919, 13, 7, "Y", 3
920, 13, 8, "N", 3
921, 13, 9, "N", 3
922, 13, 10, "Y", 3
923, 13, 11, "Y", 3
924, 13, 12, "Y", 3
925, 13, 13, "N", 3
926, 13, 14, "Y", 3
927, 13, 15, "N", 3
928, 13, 16, "Y", 3
929, 13, 17, "Y", 3
930, 13, 18, "Y", 3
931, 13, 19, "N", 3
932, 13, 20, "Y", 3
933, 13, 21, "Y", 3
934, 13, 22, "Y", 3
935, 13, 23, "Y", 3
936, 13, 24, "Y", 3
937, 13, 25, "Y", 3
938, 13, 26, "Y", 3
939, 13, 27, "Y", 3
940, 13, 28, "N", 3
941, 13, 29, "Y", 3
942, 14, 1, "N", 3
943, 14, 2, "N", 3
944, 14, 3, "N", 3
945, 14, 4, "N", 3
946, 14, 5, "N", 3
947, 14, 6, "Y", 3
948, 14, 7, "N", 3
949, 14, 8, "N", 3
950, 14, 9, "N", 3
951, 14, 10, "Y", 3
952, 14, 11, "Y", 3
953, 14, 12, "N", 3
954, 14, 13, "N", 3
955, 14, 14, "N", 3
956, 14, 15, "N", 3
957, 14, 16, "N", 3
958, 14, 17, "Y", 3
959, 14, 18, "Y", 3
960, 14, 19, "Y", 3
961, 14, 20, "N", 3
962, 14, 21, "Y", 3
963, 14, 22, "Y", 3
964, 14, 23, "Y", 3
965, 14, 24, "Y", 3
966, 14, 25, "Y", 3
967, 14, 26, "Y", 3
968, 14, 27, "Y", 3
969, 14, 28, "N", 3
970, 14, 29, "Y", 3
971, 1, 1, "N", 4
972, 1, 2, "Y", 4
973, 1, 3, "N", 4
974, 1, 4, "N", 4
975, 1, 5, "N", 4
976, 1, 6, "Y", 4
977, 1, 7, "N", 4
978, 1, 8, "N", 4
979, 1, 9, "N", 4
980, 1, 10, "Y", 4
981, 1, 11, "Y", 4
982, 1, 12, "N", 4
983, 1, 13, "Y", 4
984, 1, 14, "Y", 4
985, 1, 15, "N", 4
986, 1, 16, "N", 4
987, 1, 17, "N", 4
988, 1, 18, "Y", 4
989, 2, 1, "Y", 4
990, 2, 2, "Y", 4
991, 2, 3, "N", 4
992, 2, 4, "Y", 4
993, 2, 5, "Y", 4
994, 2, 6, "Y", 4
995, 2, 7, "N", 4
996, 2, 8, "Y", 4
997, 2, 9, "N", 4
998, 2, 10, "Y", 4
999, 2, 11, "N", 4
1000, 2, 12, "Y", 4
1001, 2, 13, "N", 4
1002, 2, 14, "Y", 4
1003, 2, 15, "Y", 4
1004, 2, 16, "Y", 4
1005, 2, 17, "Y", 4
1006, 2, 18, "Y", 4
1007, 3, 1, "Y", 4
1008, 3, 2, "N", 4
1009, 3, 3, "Y", 4
1010, 3, 4, "N", 4
1011, 3, 5, "N", 4
1012, 3, 6, "Y", 4
1013, 3, 7, "Y", 4
1014, 3, 8, "Y", 4
1015, 3, 9, "N", 4
1016, 3, 10, "Y", 4
1017, 3, 11, "N", 4
1018, 3, 12, "N", 4
1019, 3, 13, "N", 4
1020, 3, 14, "N", 4
1021, 3, 15, "Y", 4
1022, 3, 16, "Y", 4
1023, 3, 17, "Y", 4
1024, 3, 18, "N", 4
1025, 4, 1, "Y", 4
1026, 4, 2, "Y", 4
1027, 4, 3, "N", 4
1028, 4, 4, "Y", 4
1029, 4, 5, "Y", 4
1030, 4, 6, "Y", 4
1031, 4, 7, "Y", 4
1032, 4, 8, "N", 4
1033, 4, 9, "N", 4
1034, 4, 10, "N", 4
1035, 4, 11, "N", 4
1036, 4, 12, "Y", 4
1037, 4, 13, "N", 4
1038, 4, 14, "N", 4
1039, 4, 15, "N", 4
1040, 4, 16, "N", 4
1041, 4, 17, "Y", 4
1042, 4, 18, "Y", 4
1043, 5, 1, "Y", 4
1044, 5, 2, "N", 4
1045, 5, 3, "N", 4
1046, 5, 4, "N", 4
1047, 5, 5, "N", 4
1048, 5, 6, "Y", 4
1049, 5, 7, "N", 4
1050, 5, 8, "Y", 4
1051, 5, 9, "Y", 4
1052, 5, 10, "Y", 4
1053, 5, 11, "Y", 4
1054, 5, 12, "Y", 4
1055, 5, 13, "Y", 4
1056, 5, 14, "N", 4
1057, 5, 15, "Y", 4
1058, 5, 16, "N", 4
1059, 5, 17, "Y", 4
1060, 5, 18, "Y", 4
1061, 6, 1, "Y", 4
1062, 6, 2, "Y", 4
1063, 6, 3, "Y", 4
1064, 6, 4, "N", 4
1065, 6, 5, "Y", 4
1066, 6, 6, "Y", 4
1067, 6, 7, "N", 4
1068, 6, 8, "N", 4
1069, 6, 9, "Y", 4
1070, 6, 10, "Y", 4
1071, 6, 11, "Y", 4
1072, 6, 12, "N", 4
1073, 6, 13, "Y", 4
1074, 6, 14, "N", 4
1075, 6, 15, "N", 4
1076, 6, 16, "N", 4
1077, 6, 17, "Y", 4
1078, 6, 18, "N", 4
1079, 7, 1, "Y", 4
1080, 7, 2, "Y", 4
1081, 7, 3, "N", 4
1082, 7, 4, "Y", 4
1083, 7, 5, "N", 4
1084, 7, 6, "Y", 4
1085, 7, 7, "Y", 4
1086, 7, 8, "N", 4
1087, 7, 9, "Y", 4
1088, 7, 10, "N", 4
1089, 7, 11, "Y", 4
1090, 7, 12, "Y", 4
1091, 7, 13, "Y", 4
1092, 7, 14, "N", 4
1093, 7, 15, "N", 4
1094, 7, 16, "N", 4
1095, 7, 17, "Y", 4
1096, 7, 18, "Y", 4
1097, 8, 1, "N", 4
1098, 8, 2, "N", 4
1099, 8, 3, "Y", 4
1100, 8, 4, "Y", 4
1101, 8, 5, "Y", 4
1102, 8, 6, "Y", 4
1103, 8, 7, "N", 4
1104, 8, 8, "Y", 4
1105, 8, 9, "Y", 4
1106, 8, 10, "Y", 4
1107, 8, 11, "N", 4
1108, 8, 12, "N", 4
1109, 8, 13, "N", 4
1110, 8, 14, "Y", 4
1111, 8, 15, "N", 4
1112, 8, 16, "Y", 4
1113, 8, 17, "N", 4
1114, 8, 18, "N", 4
1115, 9, 1, "N", 4
1116, 9, 2, "Y", 4
1117, 9, 3, "Y", 4
1118, 9, 4, "Y", 4
1119, 9, 5, "N", 4
1120, 9, 6, "Y", 4
1121, 9, 7, "N", 4
1122, 9, 8, "N", 4
1123, 9, 9, "N", 4
1124, 9, 10, "Y", 4
1125, 9, 11, "N", 4
1126, 9, 12, "N", 4
1127, 9, 13, "Y", 4
1128, 9, 14, "Y", 4
1129, 9, 15, "N", 4
1130, 9, 16, "Y", 4
1131, 9, 17, "Y", 4
1132, 9, 18, "Y", 4
1133, 10, 1, "N", 4
1134, 10, 2, "Y", 4
1135, 10, 3, "Y", 4
1136, 10, 4, "N", 4
1137, 10, 5, "N", 4
1138, 10, 6, "N", 4
1139, 10, 7, "N", 4
1140, 10, 8, "Y", 4
1141, 10, 9, "N", 4
1142, 10, 10, "Y", 4
1143, 10, 11, "N", 4
1144, 10, 12, "Y", 4
1145, 10, 13, "N", 4
1146, 10, 14, "Y", 4
1147, 10, 15, "N", 4
1148, 10, 16, "N", 4
1149, 10, 17, "N", 4
1150, 10, 18, "N", 4
1151, 11, 1, "N", 4
1152, 11, 2, "Y", 4
1153, 11, 3, "Y", 4
1154, 11, 4, "N", 4
1155, 11, 5, "Y", 4
1156, 11, 6, "Y", 4
1157, 11, 7, "Y", 4
1158, 11, 8, "Y", 4
1159, 11, 9, "Y", 4
1160, 11, 10, "Y", 4
1161, 11, 11, "Y", 4
1162, 11, 12, "Y", 4
1163, 11, 13, "N", 4
1164, 11, 14, "Y", 4
1165, 11, 15, "N", 4
1166, 11, 16, "N", 4
1167, 11, 17, "N", 4
1168, 11, 18, "Y", 4
1169, 12, 1, "Y", 4
1170, 12, 2, "N", 4
1171, 12, 3, "N", 4
1172, 12, 4, "N", 4
1173, 12, 5, "Y", 4
1174, 12, 6, "N", 4
1175, 12, 7, "N", 4
1176, 12, 8, "Y", 4
1177, 12, 9, "N", 4
1178, 12, 10, "Y", 4
1179, 12, 11, "Y", 4
1180, 12, 12, "Y", 4
1181, 12, 13, "N", 4
1182, 12, 14, "N", 4
1183, 12, 15, "Y", 4
1184, 12, 16, "Y", 4
1185, 12, 17, "N", 4
1186, 12, 18, "Y", 4
1187, 13, 1, "N", 4
1188, 13, 2, "Y", 4
1189, 13, 3, "N", 4
1190, 13, 4, "Y", 4
1191, 13, 5, "N", 4
1192, 13, 6, "Y", 4
1193, 13, 7, "N", 4
1194, 13, 8, "N", 4
1195, 13, 9, "Y", 4
1196, 13, 10, "Y", 4
1197, 13, 11, "Y", 4
1198, 13, 12, "N", 4
1199, 13, 13, "N", 4
1200, 13, 14, "N", 4
1201, 13, 15, "N", 4
1202, 13, 16, "N", 4
1203, 13, 17, "N", 4
1204, 13, 18, "Y", 4
1205, 14, 1, "N", 4
1206, 14, 2, "Y", 4
1207, 14, 3, "Y", 4
1208, 14, 4, "N", 4
1209, 14, 5, "N", 4
1210, 14, 6, "Y", 4
1211, 14, 7, "Y", 4
1212, 14, 8, "N", 4
1213, 14, 9, "N", 4
1214, 14, 10, "N", 4
1215, 14, 11, "N", 4
1216, 14, 12, "N", 4
1217, 14, 13, "N", 4
1218, 14, 14, "Y", 4
1219, 14, 15, "Y", 4
1220, 14, 16, "Y", 4
1221, 14, 17, "N", 4
1222, 14, 18, "N", 4
1223, 1, 1, "Y", 5
1224, 1, 2, "N", 5
1225, 1, 3, "Y", 5
1226, 1, 4, "N", 5
1227, 1, 5, "N", 5
1228, 1, 6, "N", 5
1229, 1, 7, "Y", 5
1230, 1, 8, "N", 5
1231, 1, 9, "Y", 5
1232, 1, 10, "N", 5
1233, 1, 11, "Y", 5
1234, 1, 12, "N", 5
1235, 1, 13, "Y", 5
1236, 1, 14, "N", 5
1237, 1, 15, "Y", 5
1238, 1, 16, "N", 5
1239, 1, 17, "Y", 5
1240, 1, 18, "N", 5
1241, 1, 19, "Y", 5
1242, 1, 20, "N", 5
1243, 1, 21, "Y", 5
1244, 1, 22, "N", 5
1245, 1, 23, "Y", 5
1246, 1, 24, "Y", 5
1247, 1, 25, "Y", 5
1248, 1, 26, "Y", 5
1249, 1, 27, "Y", 5
1250, 1, 28, "N", 5
1251, 2, 1, "Y", 5
1252, 2, 2, "Y", 5
1253, 2, 3, "N", 5
1254, 2, 4, "Y", 5
1255, 2, 5, "Y", 5
1256, 2, 6, "N", 5
1257, 2, 7, "N", 5
1258, 2, 8, "Y", 5
1259, 2, 9, "N", 5
1260, 2, 10, "Y", 5
1261, 2, 11, "N", 5
1262, 2, 12, "Y", 5
1263, 2, 13, "Y", 5
1264, 2, 14, "Y", 5
1265, 2, 15, "Y", 5
1266, 2, 16, "Y", 5
1267, 2, 17, "Y", 5
1268, 2, 18, "Y", 5
1269, 2, 19, "N", 5
1270, 2, 20, "N", 5
1271, 2, 21, "Y", 5
1272, 2, 22, "Y", 5
1273, 2, 23, "Y", 5
1274, 2, 24, "N", 5
1275, 2, 25, "Y", 5
1276, 2, 26, "Y", 5
1277, 2, 27, "N", 5
1278, 2, 28, "Y", 5
1279, 3, 1, "Y", 5
1280, 3, 2, "Y", 5
1281, 3, 3, "Y", 5
1282, 3, 4, "Y", 5
1283, 3, 5, "Y", 5
1284, 3, 6, "Y", 5
1285, 3, 7, "N", 5
1286, 3, 8, "N", 5
1287, 3, 9, "Y", 5
1288, 3, 10, "N", 5
1289, 3, 11, "Y", 5
1290, 3, 12, "N", 5
1291, 3, 13, "Y", 5
1292, 3, 14, "N", 5
1293, 3, 15, "Y", 5
1294, 3, 16, "N", 5
1295, 3, 17, "N", 5
1296, 3, 18, "Y", 5
1297, 3, 19, "Y", 5
1298, 3, 20, "Y", 5
1299, 3, 21, "N", 5
1300, 3, 22, "N", 5
1301, 3, 23, "Y", 5
1302, 3, 24, "N", 5
1303, 3, 25, "Y", 5
1304, 3, 26, "N", 5
1305, 3, 27, "Y", 5
1306, 3, 28, "N", 5
1307, 4, 1, "Y", 5
1308, 4, 2, "Y", 5
1309, 4, 3, "Y", 5
1310, 4, 4, "Y", 5
1311, 4, 5, "N", 5
1312, 4, 6, "N", 5
1313, 4, 7, "N", 5
1314, 4, 8, "Y", 5
1315, 4, 9, "Y", 5
1316, 4, 10, "Y", 5
1317, 4, 11, "Y", 5
1318, 4, 12, "Y", 5
1319, 4, 13, "Y", 5
1320, 4, 14, "Y", 5
1321, 4, 15, "Y", 5
1322, 4, 16, "Y", 5
1323, 4, 17, "N", 5
1324, 4, 18, "Y", 5
1325, 4, 19, "Y", 5
1326, 4, 20, "N", 5
1327, 4, 21, "N", 5
1328, 4, 22, "Y", 5
1329, 4, 23, "N", 5
1330, 4, 24, "N", 5
1331, 4, 25, "Y", 5
1332, 4, 26, "N", 5
1333, 4, 27, "Y", 5
1334, 4, 28, "N", 5
1335, 5, 1, "Y", 5
1336, 5, 2, "N", 5
1337, 5, 3, "Y", 5
1338, 5, 4, "Y", 5
1339, 5, 5, "N", 5
1340, 5, 6, "Y", 5
1341, 5, 7, "Y", 5
1342, 5, 8, "N", 5
1343, 5, 9, "N", 5
1344, 5, 10, "N", 5
1345, 5, 11, "N", 5
1346, 5, 12, "N", 5
1347, 5, 13, "N", 5
1348, 5, 14, "N", 5
1349, 5, 15, "Y", 5
1350, 5, 16, "N", 5
1351, 5, 17, "N", 5
1352, 5, 18, "N", 5
1353, 5, 19, "Y", 5
1354, 5, 20, "Y", 5
1355, 5, 21, "Y", 5
1356, 5, 22, "N", 5
1357, 5, 23, "Y", 5
1358, 5, 24, "Y", 5
1359, 5, 25, "Y", 5
1360, 5, 26, "Y", 5
1361, 5, 27, "Y", 5
1362, 5, 28, "Y", 5
1363, 6, 1, "N", 5
1364, 6, 2, "Y", 5
1365, 6, 3, "Y", 5
1366, 6, 4, "N", 5
1367, 6, 5, "N", 5
1368, 6, 6, "Y", 5
1369, 6, 7, "Y", 5
1370, 6, 8, "N", 5
1371, 6, 9, "N", 5
1372, 6, 10, "Y", 5
1373, 6, 11, "Y", 5
1374, 6, 12, "N", 5
1375, 6, 13, "Y", 5
1376, 6, 14, "N", 5
1377, 6, 15, "Y", 5
1378, 6, 16, "N", 5
1379, 6, 17, "Y", 5
1380, 6, 18, "N", 5
1381, 6, 19, "N", 5
1382, 6, 20, "N", 5
1383, 6, 21, "Y", 5
1384, 6, 22, "N", 5
1385, 6, 23, "Y", 5
1386, 6, 24, "N", 5
1387, 6, 25, "Y", 5
1388, 6, 26, "Y", 5
1389, 6, 27, "Y", 5
1390, 6, 28, "Y", 5
1391, 7, 1, "N", 5
1392, 7, 2, "N", 5
1393, 7, 3, "Y", 5
1394, 7, 4, "Y", 5
1395, 7, 5, "N", 5
1396, 7, 6, "N", 5
1397, 7, 7, "Y", 5
1398, 7, 8, "N", 5
1399, 7, 9, "Y", 5
1400, 7, 10, "Y", 5
1401, 7, 11, "N", 5
1402, 7, 12, "N", 5
1403, 7, 13, "Y", 5
1404, 7, 14, "Y", 5
1405, 7, 15, "N", 5
1406, 7, 16, "N", 5
1407, 7, 17, "N", 5
1408, 7, 18, "N", 5
1409, 7, 19, "N", 5
1410, 7, 20, "N", 5
1411, 7, 21, "N", 5
1412, 7, 22, "Y", 5
1413, 7, 23, "N", 5
1414, 7, 24, "Y", 5
1415, 7, 25, "N", 5
1416, 7, 26, "N", 5
1417, 7, 27, "N", 5
1418, 7, 28, "N", 5
1419, 8, 1, "N", 5
1420, 8, 2, "Y", 5
1421, 8, 3, "N", 5
1422, 8, 4, "Y", 5
1423, 8, 5, "N", 5
1424, 8, 6, "Y", 5
1425, 8, 7, "Y", 5
1426, 8, 8, "N", 5
1427, 8, 9, "Y", 5
1428, 8, 10, "Y", 5
1429, 8, 11, "Y", 5
1430, 8, 12, "N", 5
1431, 8, 13, "Y", 5
1432, 8, 14, "Y", 5
1433, 8, 15, "N", 5
1434, 8, 16, "N", 5
1435, 8, 17, "N", 5
1436, 8, 18, "Y", 5
1437, 8, 19, "N", 5
1438, 8, 20, "Y", 5
1439, 8, 21, "N", 5
1440, 8, 22, "Y", 5
1441, 8, 23, "Y", 5
1442, 8, 24, "N", 5
1443, 8, 25, "Y", 5
1444, 8, 26, "N", 5
1445, 8, 27, "Y", 5
1446, 8, 28, "N", 5
1447, 9, 1, "Y", 5
1448, 9, 2, "Y", 5
1449, 9, 3, "N", 5
1450, 9, 4, "N", 5
1451, 9, 5, "N", 5
1452, 9, 6, "Y", 5
1453, 9, 7, "N", 5
1454, 9, 8, "Y", 5
1455, 9, 9, "N", 5
1456, 9, 10, "N", 5
1457, 9, 11, "Y", 5
1458, 9, 12, "Y", 5
1459, 9, 13, "N", 5
1460, 9, 14, "Y", 5
1461, 9, 15, "N", 5
1462, 9, 16, "Y", 5
1463, 9, 17, "Y", 5
1464, 9, 18, "N", 5
1465, 9, 19, "Y", 5
1466, 9, 20, "N", 5
1467, 9, 21, "N", 5
1468, 9, 22, "N", 5
1469, 9, 23, "Y", 5
1470, 9, 24, "N", 5
1471, 9, 25, "N", 5
1472, 9, 26, "N", 5
1473, 9, 27, "Y", 5
1474, 9, 28, "N", 5
1475, 10, 1, "N", 5
1476, 10, 2, "Y", 5
1477, 10, 3, "N", 5
1478, 10, 4, "Y", 5
1479, 10, 5, "Y", 5
1480, 10, 6, "Y", 5
1481, 10, 7, "Y", 5
1482, 10, 8, "N", 5
1483, 10, 9, "Y", 5
1484, 10, 10, "N", 5
1485, 10, 11, "Y", 5
1486, 10, 12, "N", 5
1487, 10, 13, "N", 5
1488, 10, 14, "N", 5
1489, 10, 15, "Y", 5
1490, 10, 16, "Y", 5
1491, 10, 17, "N", 5
1492, 10, 18, "N", 5
1493, 10, 19, "Y", 5
1494, 10, 20, "N", 5
1495, 10, 21, "N", 5
1496, 10, 22, "N", 5
1497, 10, 23, "N", 5
1498, 10, 24, "Y", 5
1499, 10, 25, "Y", 5
1500, 10, 26, "N", 5
1501, 10, 27, "N", 5
1502, 10, 28, "Y", 5
1503, 11, 1, "Y", 5
1504, 11, 2, "Y", 5
1505, 11, 3, "N", 5
1506, 11, 4, "N", 5
1507, 11, 5, "Y", 5
1508, 11, 6, "Y", 5
1509, 11, 7, "Y", 5
1510, 11, 8, "N", 5
1511, 11, 9, "N", 5
1512, 11, 10, "Y", 5
1513, 11, 11, "Y", 5
1514, 11, 12, "Y", 5
1515, 11, 13, "N", 5
1516, 11, 14, "N", 5
1517, 11, 15, "Y", 5
1518, 11, 16, "Y", 5
1519, 11, 17, "Y", 5
1520, 11, 18, "Y", 5
1521, 11, 19, "N", 5
1522, 11, 20, "Y", 5
1523, 11, 21, "Y", 5
1524, 11, 22, "N", 5
1525, 11, 23, "N", 5
1526, 11, 24, "Y", 5
1527, 11, 25, "N", 5
1528, 11, 26, "N", 5
1529, 11, 27, "Y", 5
1530, 11, 28, "N", 5
1531, 12, 1, "Y", 5
1532, 12, 2, "Y", 5
1533, 12, 3, "N", 5
1534, 12, 4, "Y", 5
1535, 12, 5, "Y", 5
1536, 12, 6, "N", 5
1537, 12, 7, "Y", 5
1538, 12, 8, "Y", 5
1539, 12, 9, "N", 5
1540, 12, 10, "Y", 5
1541, 12, 11, "Y", 5
1542, 12, 12, "N", 5
1543, 12, 13, "Y", 5
1544, 12, 14, "N", 5
1545, 12, 15, "N", 5
1546, 12, 16, "N", 5
1547, 12, 17, "N", 5
1548, 12, 18, "N", 5
1549, 12, 19, "N", 5
1550, 12, 20, "N", 5
1551, 12, 21, "Y", 5
1552, 12, 22, "Y", 5
1553, 12, 23, "Y", 5
1554, 12, 24, "N", 5
1555, 12, 25, "Y", 5
1556, 12, 26, "Y", 5
1557, 12, 27, "Y", 5
1558, 12, 28, "Y", 5
1559, 13, 1, "N", 5
1560, 13, 2, "Y", 5
1561, 13, 3, "Y", 5
1562, 13, 4, "N", 5
1563, 13, 5, "N", 5
1564, 13, 6, "Y", 5
1565, 13, 7, "Y", 5
1566, 13, 8, "N", 5
1567, 13, 9, "N", 5
1568, 13, 10, "Y", 5
1569, 13, 11, "Y", 5
1570, 13, 12, "Y", 5
1571, 13, 13, "N", 5
1572, 13, 14, "Y", 5
1573, 13, 15, "Y", 5
1574, 13, 16, "N", 5
1575, 13, 17, "Y", 5
1576, 13, 18, "N", 5
1577, 13, 19, "N", 5
1578, 13, 20, "Y", 5
1579, 13, 21, "Y", 5
1580, 13, 22, "N", 5
1581, 13, 23, "Y", 5
1582, 13, 24, "Y", 5
1583, 13, 25, "Y", 5
1584, 13, 26, "N", 5
1585, 13, 27, "Y", 5
1586, 13, 28, "Y", 5